dict: 7
cameraMatrix: [608.763, 0, 638.967,0, 608.523, 363.529,0, 0, 1]
cameraDistCoeffs: [0.465018, -2.39, 0.000794036, 1.23308e-06, 1.33069]
id: 0
